-3.14159		(9.11376e-19,-0.996272)	9.11376e-19	-0.996272	0.996272
-2.8109		(0.00441931,-0.994296)	0.00441931	-0.994296	0.994306
-2.4802		(0.0135438,-0.996472)	0.0135438	-0.996472	0.996564
-2.14951		(0.0251455,-1.01066)	0.0251455	-1.01066	1.01097
-1.81882		(0.0262453,-1.04705)	0.0262453	-1.04705	1.04737
-1.48812		(-0.0186064,-1.10574)	-0.0186064	-1.10574	1.10589
-1.15743		(-0.165933,-1.13047)	-0.165933	-1.13047	1.14259
-0.826735		(-0.379557,-0.958561)	-0.379557	-0.958561	1.03097
-0.496041		(-0.402335,-0.558937)	-0.402335	-0.558937	0.688682
-0.165347		(-0.162269,-0.168293)	-0.162269	-0.168293	0.233782
0.165347		(0.162269,0.168293)	0.162269	0.168293	0.233782
0.496041		(0.402335,0.558937)	0.402335	0.558937	0.688682
0.826735		(0.379557,0.958561)	0.379557	0.958561	1.03097
1.15743		(0.165933,1.13047)	0.165933	1.13047	1.14259
1.48812		(0.0186064,1.10574)	0.0186064	1.10574	1.10589
1.81882		(-0.0262453,1.04705)	-0.0262453	1.04705	1.04737
2.14951		(-0.0251455,1.01066)	-0.0251455	1.01066	1.01097
2.4802		(-0.0135438,0.996472)	-0.0135438	0.996472	0.996564
2.8109		(-0.00441931,0.994296)	-0.00441931	0.994296	0.994306
3.14159		(-9.11376e-19,0.996272)	-9.11376e-19	0.996272	0.996272
